q                    = 0.966971733277 0.02 0.01 1
iangle               = 86.5063737239 0.2 0.03 1
r1                   = 0.00629185664393 0.0002 0.0001 1
r2                   = 0.0971683646338 0.005 0.0002 1
cphi3                = 0.015 0.001 0.001 0
cphi4                = 0.017 0.001 0.001 0
t1                   = 15918.0275793 50 10 1
t2                   = 34570.3973464 10 10 1
spin1                = 1 0.001 0.001 0
spin2                = 1 0.001 0.001 0
ldc1_1               = 0.81760109999999997 0.01 0.01 0
ldc1_2               = -0.66854585 0.01 0.01 0
ldc1_3               = 0.61190517 0.01 0.01 0
ldc1_4               = -0.23623394 0.01 0.01 0
ldc2_1               = 0.81773029 0.01 0.01 0
ldc2_2               = -0.90781691 0.01 0.01 0
ldc2_3               = 0.75499777 0.01 0.01 0
ldc2_4               = -0.25184844 0.01 0.01 0
velocity_scale       = 323.454780115 1 1 1
beam_factor1         = 2 0.1 0.02 0
beam_factor2         = 1.31312039536 0.1 0.002 1
deltat               = 0 0.001 0.001 0
t0                   = 1.20120685654e-05 0.0001 1e-05 1
period               = 1 1e-06 1e-06 0
gravity_dark1        = 0.447958995775 0.0001 0.0001 0
gravity_dark2        = 0.447958995775 0.0001 0.0001 0
absorb               = 1 0.001 0.001 0
slope                = 0 0.01 1e-05 0
rdisc1               = 0.0500000000000001 0.01 0.0001 0
rdisc2               = 0.34999999999999998 0.01 0.02 0
height_disc          = 0.10000000000000002 0.01 1e-05 0
beta_disc            = 1.5 0.01 1e-05 0
temp_disc            = 3000 50 40 0
texp_disc            = -1.8 0.2 0.001 0
lin_limb_disc        = 0.29999999999999999 0.02 0.0001 0
quad_limb_disc       = 0 0.02 0.0001 0
radius_spot          = 0.34999999999999998 0.005 0.01 0
length_spot          = 0.02 0.002 0.005 0
height_spot          = 0.050000000000000003 0.005 1e-05 0
expon_spot           = 0 0.2 0.1 0
epow_spot            = 1 0.1 0.1 0
angle_spot           = 140 2 2 0
yaw_spot             = 0 2 2 0
temp_spot            = 15000 400 200 0
tilt_spot            = 90 5 2 0
cfrac_spot           = 0.20000000000000001 0.02 0.008 0
delta_phase          = 3e-08
nlat1f               = 50
nlat2f               = 210
nlat1c               = 50
nlat2c               = 170
npole                = 1
nlatfill             = 3
nlngfill             = 2
lfudge               = 0.07
llo                  = 0
lhi                  = -50
phase1               = 0.018
phase2               = 0.482
wavelength           = 600
roche1               = 0
roche2               = 1
eclipse1             = 1
eclipse2             = 1
glens1               = 1
tperiod              = 0.40373
gdark_bolom1         = 0
gdark_bolom2         = 0
mucrit1              = 0
mucrit2              = 0
limb1                = Claret
limb2                = Claret
use_radii            = 1
mirror               = 0
add_disc             = 0
nrad                 = 40
opaque               = 0
add_spot             = 0
nspot                = 100
iscale               = 0
